Conserved variables dens, Etot, mom1, mom2, and mom3 extracted from /Users/isabellefite/github/tensor-analysis-for-grmhd/dummy_data/blast.out1.00000.athdf generated by Athena. 
This file is the output of ground_truth/ref_script.py.
Density:
[[[[  1.      1.      1.    ...   1.      1.      1.   ]
   [  1.      1.      1.    ...   1.      1.      1.   ]
   [  1.      1.      1.    ...   1.      1.      1.   ]
   ...
   [  1.      1.      1.    ...   1.      1.      1.   ]
   [  1.      1.      1.    ...   1.      1.      1.   ]
   [  1.      1.      1.    ...   1.      1.      1.   ]]]


 [[[  4.125   4.125   4.125 ...   4.125   4.125   4.125]
   [  4.125   4.125   4.125 ...   4.125   4.125   4.125]
   [  4.125   4.125   4.125 ...   4.125   4.125   4.125]
   ...
   [  4.125   4.125   4.125 ... 301.125 301.125 301.125]
   [  4.125   4.125   4.125 ... 301.125 301.125 301.125]
   [  4.125   4.125   4.125 ... 301.125 301.125 301.125]]]


 [[[  0.      0.      0.    ...   0.      0.      0.   ]
   [  0.      0.      0.    ...   0.      0.      0.   ]
   [  0.      0.      0.    ...   0.      0.      0.   ]
   ...
   [  0.      0.      0.    ...   0.      0.      0.   ]
   [  0.      0.      0.    ...   0.      0.      0.   ]
   [  0.      0.      0.    ...   0.      0.      0.   ]]]


 [[[  0.      0.      0.    ...   0.      0.      0.   ]
   [  0.      0.      0.    ...   0.      0.      0.   ]
   [  0.      0.      0.    ...   0.      0.      0.   ]
   ...
   [  0.      0.      0.    ...   0.      0.      0.   ]
   [  0.      0.      0.    ...   0.      0.      0.   ]
   [  0.      0.      0.    ...   0.      0.      0.   ]]]


 [[[  0.      0.      0.    ...   0.      0.      0.   ]
   [  0.      0.      0.    ...   0.      0.      0.   ]
   [  0.      0.      0.    ...   0.      0.      0.   ]
   ...
   [  0.      0.      0.    ...   0.      0.      0.   ]
   [  0.      0.      0.    ...   0.      0.      0.   ]
   [  0.      0.      0.    ...   0.      0.      0.   ]]]]
Momentum:
[[[[[  1.      1.      1.    ...   1.      1.      1.   ]
    [  1.      1.      1.    ...   1.      1.      1.   ]
    [  1.      1.      1.    ...   1.      1.      1.   ]
    ...
    [  1.      1.      1.    ...   1.      1.      1.   ]
    [  1.      1.      1.    ...   1.      1.      1.   ]
    [  1.      1.      1.    ...   1.      1.      1.   ]]]


  [[[  1.      1.      1.    ...   1.      1.      1.   ]
    [  1.      1.      1.    ...   1.      1.      1.   ]
    [  1.      1.      1.    ...   1.      1.      1.   ]
    ...
    [  1.      1.      1.    ...   1.      1.      1.   ]
    [  1.      1.      1.    ...   1.      1.      1.   ]
    [  1.      1.      1.    ...   1.      1.      1.   ]]]]



 [[[[  4.125   4.125   4.125 ... 301.125 301.125 301.125]
    [  4.125   4.125   4.125 ... 301.125 301.125 301.125]
    [  4.125   4.125   4.125 ... 301.125 301.125 301.125]
    ...
    [  4.125   4.125   4.125 ...   4.125   4.125   4.125]
    [  4.125   4.125   4.125 ...   4.125   4.125   4.125]
    [  4.125   4.125   4.125 ...   4.125   4.125   4.125]]]


  [[[301.125 301.125 301.125 ...   4.125   4.125   4.125]
    [301.125 301.125 301.125 ...   4.125   4.125   4.125]
    [301.125 301.125 301.125 ...   4.125   4.125   4.125]
    ...
    [  4.125   4.125   4.125 ...   4.125   4.125   4.125]
    [  4.125   4.125   4.125 ...   4.125   4.125   4.125]
    [  4.125   4.125   4.125 ...   4.125   4.125   4.125]]]]



 [[[[  0.      0.      0.    ...   0.      0.      0.   ]
    [  0.      0.      0.    ...   0.      0.      0.   ]
    [  0.      0.      0.    ...   0.      0.      0.   ]
    ...
    [  0.      0.      0.    ...   0.      0.      0.   ]
    [  0.      0.      0.    ...   0.      0.      0.   ]
    [  0.      0.      0.    ...   0.      0.      0.   ]]]


  [[[  0.      0.      0.    ...   0.      0.      0.   ]
    [  0.      0.      0.    ...   0.      0.      0.   ]
    [  0.      0.      0.    ...   0.      0.      0.   ]
    ...
    [  0.      0.      0.    ...   0.      0.      0.   ]
    [  0.      0.      0.    ...   0.      0.      0.   ]
    [  0.      0.      0.    ...   0.      0.      0.   ]]]]



 [[[[  0.      0.      0.    ...   0.      0.      0.   ]
    [  0.      0.      0.    ...   0.      0.      0.   ]
    [  0.      0.      0.    ...   0.      0.      0.   ]
    ...
    [  0.      0.      0.    ...   0.      0.      0.   ]
    [  0.      0.      0.    ...   0.      0.      0.   ]
    [  0.      0.      0.    ...   0.      0.      0.   ]]]


  [[[  0.      0.      0.    ...   0.      0.      0.   ]
    [  0.      0.      0.    ...   0.      0.      0.   ]
    [  0.      0.      0.    ...   0.      0.      0.   ]
    ...
    [  0.      0.      0.    ...   0.      0.      0.   ]
    [  0.      0.      0.    ...   0.      0.      0.   ]
    [  0.      0.      0.    ...   0.      0.      0.   ]]]]



 [[[[  0.      0.      0.    ...   0.      0.      0.   ]
    [  0.      0.      0.    ...   0.      0.      0.   ]
    [  0.      0.      0.    ...   0.      0.      0.   ]
    ...
    [  0.      0.      0.    ...   0.      0.      0.   ]
    [  0.      0.      0.    ...   0.      0.      0.   ]
    [  0.      0.      0.    ...   0.      0.      0.   ]]]


  [[[  0.      0.      0.    ...   0.      0.      0.   ]
    [  0.      0.      0.    ...   0.      0.      0.   ]
    [  0.      0.      0.    ...   0.      0.      0.   ]
    ...
    [  0.      0.      0.    ...   0.      0.      0.   ]
    [  0.      0.      0.    ...   0.      0.      0.   ]
    [  0.      0.      0.    ...   0.      0.      0.   ]]]]]
Energy:
[[[[  1.      1.      1.    ...   1.      1.      1.   ]
   [  1.      1.      1.    ...   1.      1.      1.   ]
   [  1.      1.      1.    ...   1.      1.      1.   ]
   ...
   [  1.      1.      1.    ...   1.      1.      1.   ]
   [  1.      1.      1.    ...   1.      1.      1.   ]
   [  1.      1.      1.    ...   1.      1.      1.   ]]]


 [[[  4.125   4.125   4.125 ...   4.125   4.125   4.125]
   [  4.125   4.125   4.125 ...   4.125   4.125   4.125]
   [  4.125   4.125   4.125 ...   4.125   4.125   4.125]
   ...
   [301.125 301.125 301.125 ...   4.125   4.125   4.125]
   [301.125 301.125 301.125 ...   4.125   4.125   4.125]
   [301.125 301.125 301.125 ...   4.125   4.125   4.125]]]


 [[[  0.      0.      0.    ...   0.      0.      0.   ]
   [  0.      0.      0.    ...   0.      0.      0.   ]
   [  0.      0.      0.    ...   0.      0.      0.   ]
   ...
   [  0.      0.      0.    ...   0.      0.      0.   ]
   [  0.      0.      0.    ...   0.      0.      0.   ]
   [  0.      0.      0.    ...   0.      0.      0.   ]]]


 [[[  0.      0.      0.    ...   0.      0.      0.   ]
   [  0.      0.      0.    ...   0.      0.      0.   ]
   [  0.      0.      0.    ...   0.      0.      0.   ]
   ...
   [  0.      0.      0.    ...   0.      0.      0.   ]
   [  0.      0.      0.    ...   0.      0.      0.   ]
   [  0.      0.      0.    ...   0.      0.      0.   ]]]


 [[[  0.      0.      0.    ...   0.      0.      0.   ]
   [  0.      0.      0.    ...   0.      0.      0.   ]
   [  0.      0.      0.    ...   0.      0.      0.   ]
   ...
   [  0.      0.      0.    ...   0.      0.      0.   ]
   [  0.      0.      0.    ...   0.      0.      0.   ]
   [  0.      0.      0.    ...   0.      0.      0.   ]]]]
