Athena++ Extracted Ground Truth Data
====================================

--- CONSERVED VARIABLES ---
Density (D):
[[[1.         1.         1.         ... 1.         1.         1.        ]
  [1.         1.         1.         ... 1.         1.         1.        ]
  [1.         1.         1.         ... 1.         1.         1.        ]
  ...
  [1.         1.         1.         ... 0.9990869  0.9997011  0.99982893]
  [1.         1.         1.         ... 0.9997011  0.9999407  0.9999768 ]
  [1.         1.         1.         ... 0.99982893 0.9999768  0.99999505]]

 [[1.         1.         1.         ... 1.         1.         1.        ]
  [1.         1.         1.         ... 1.         1.         1.        ]
  [1.         1.         1.         ... 1.         1.         1.        ]
  ...
  [0.9998286  0.9996988  0.999079   ... 1.         1.         1.        ]
  [0.99997675 0.9999402  0.9996988  ... 1.         1.         1.        ]
  [0.99999505 0.99997675 0.9998286  ... 1.         1.         1.        ]]

 [[1.         1.         1.         ... 0.9998286  0.99997675 0.99999505]
  [1.         1.         1.         ... 0.9996988  0.9999402  0.99997675]
  [1.         1.         1.         ... 0.999079   0.9996988  0.9998286 ]
  ...
  [1.         1.         1.         ... 1.         1.         1.        ]
  [1.         1.         1.         ... 1.         1.         1.        ]
  [1.         1.         1.         ... 1.         1.         1.        ]]

 [[0.99999505 0.9999768  0.99982893 ... 1.         1.         1.        ]
  [0.9999768  0.9999407  0.9997011  ... 1.         1.         1.        ]
  [0.99982893 0.9997011  0.9990869  ... 1.         1.         1.        ]
  ...
  [1.         1.         1.         ... 1.         1.         1.        ]
  [1.         1.         1.         ... 1.         1.         1.        ]
  [1.         1.         1.         ... 1.         1.         1.        ]]]

Momentum (M1, M2, M3):
[[[ 0.          0.          0.         ...  0.          0.
    0.        ]
  [ 0.          0.          0.         ...  0.          0.
    0.        ]
  [ 0.          0.          0.         ...  0.          0.
    0.        ]
  ...
  [ 0.          0.          0.         ... -0.13741063 -0.02849079
   -0.00222213]
  [ 0.          0.          0.         ... -0.05559126 -0.0082979
   -0.00047703]
  [ 0.          0.          0.         ... -0.03689613 -0.00463582
   -0.00023416]]

 [[ 0.          0.          0.         ...  0.          0.
    0.        ]
  [ 0.          0.          0.         ...  0.          0.
    0.        ]
  [ 0.          0.          0.         ...  0.          0.
    0.        ]
  ...
  [ 0.00239815  0.02893676  0.13887762 ...  0.          0.
    0.        ]
  [ 0.0005024   0.00838971  0.05601555 ...  0.          0.
    0.        ]
  [ 0.00023652  0.00464913  0.03697855 ...  0.          0.
    0.        ]]

 [[ 0.          0.          0.         ... -0.03697855 -0.00464913
   -0.00023652]
  [ 0.          0.          0.         ... -0.05601555 -0.00838971
   -0.0005024 ]
  [ 0.          0.          0.         ... -0.13887762 -0.02893676
   -0.00239815]
  ...
  [ 0.          0.          0.         ...  0.          0.
    0.        ]
  [ 0.          0.          0.         ...  0.          0.
    0.        ]
  [ 0.          0.          0.         ...  0.          0.
    0.        ]]

 [[ 0.00023416  0.00463582  0.03689613 ...  0.          0.
    0.        ]
  [ 0.00047703  0.0082979   0.05559126 ...  0.          0.
    0.        ]
  [ 0.00222213  0.02849079  0.13741063 ...  0.          0.
    0.        ]
  ...
  [ 0.          0.          0.         ...  0.          0.
    0.        ]
  [ 0.          0.          0.         ...  0.          0.
    0.        ]
  [ 0.          0.          0.         ...  0.          0.
    0.        ]]]

[[[ 0.          0.          0.         ...  0.          0.
    0.        ]
  [ 0.          0.          0.         ...  0.          0.
    0.        ]
  [ 0.          0.          0.         ...  0.          0.
    0.        ]
  ...
  [ 0.          0.          0.         ... -0.13741063 -0.05559126
   -0.03689613]
  [ 0.          0.          0.         ... -0.02849079 -0.0082979
   -0.00463582]
  [ 0.          0.          0.         ... -0.00222213 -0.00047703
   -0.00023416]]

 [[ 0.          0.          0.         ...  0.          0.
    0.        ]
  [ 0.          0.          0.         ...  0.          0.
    0.        ]
  [ 0.          0.          0.         ...  0.          0.
    0.        ]
  ...
  [-0.03697855 -0.05601555 -0.13887762 ...  0.          0.
    0.        ]
  [-0.00464913 -0.00838971 -0.02893676 ...  0.          0.
    0.        ]
  [-0.00023652 -0.0005024  -0.00239815 ...  0.          0.
    0.        ]]

 [[ 0.          0.          0.         ...  0.00239815  0.0005024
    0.00023652]
  [ 0.          0.          0.         ...  0.02893676  0.00838971
    0.00464913]
  [ 0.          0.          0.         ...  0.13887762  0.05601555
    0.03697855]
  ...
  [ 0.          0.          0.         ...  0.          0.
    0.        ]
  [ 0.          0.          0.         ...  0.          0.
    0.        ]
  [ 0.          0.          0.         ...  0.          0.
    0.        ]]

 [[ 0.00023416  0.00047703  0.00222213 ...  0.          0.
    0.        ]
  [ 0.00463582  0.0082979   0.02849079 ...  0.          0.
    0.        ]
  [ 0.03689613  0.05559126  0.13741063 ...  0.          0.
    0.        ]
  ...
  [ 0.          0.          0.         ...  0.          0.
    0.        ]
  [ 0.          0.          0.         ...  0.          0.
    0.        ]
  [ 0.          0.          0.         ...  0.          0.
    0.        ]]]

[[[0. 0. 0. ... 0. 0. 0.]
  [0. 0. 0. ... 0. 0. 0.]
  [0. 0. 0. ... 0. 0. 0.]
  ...
  [0. 0. 0. ... 0. 0. 0.]
  [0. 0. 0. ... 0. 0. 0.]
  [0. 0. 0. ... 0. 0. 0.]]

 [[0. 0. 0. ... 0. 0. 0.]
  [0. 0. 0. ... 0. 0. 0.]
  [0. 0. 0. ... 0. 0. 0.]
  ...
  [0. 0. 0. ... 0. 0. 0.]
  [0. 0. 0. ... 0. 0. 0.]
  [0. 0. 0. ... 0. 0. 0.]]

 [[0. 0. 0. ... 0. 0. 0.]
  [0. 0. 0. ... 0. 0. 0.]
  [0. 0. 0. ... 0. 0. 0.]
  ...
  [0. 0. 0. ... 0. 0. 0.]
  [0. 0. 0. ... 0. 0. 0.]
  [0. 0. 0. ... 0. 0. 0.]]

 [[0. 0. 0. ... 0. 0. 0.]
  [0. 0. 0. ... 0. 0. 0.]
  [0. 0. 0. ... 0. 0. 0.]
  ...
  [0. 0. 0. ... 0. 0. 0.]
  [0. 0. 0. ... 0. 0. 0.]
  [0. 0. 0. ... 0. 0. 0.]]]

Total Energy (E):
[[[  4.125     4.125     4.125   ...   4.125     4.125     4.125  ]
  [  4.125     4.125     4.125   ...   4.125     4.125     4.125  ]
  [  4.125     4.125     4.125   ...   4.125     4.125     4.125  ]
  ...
  [  4.125     4.125     4.125   ... 300.75882 301.0051  301.05637]
  [  4.125     4.125     4.125   ... 301.0051  301.10123 301.1157 ]
  [  4.125     4.125     4.125   ... 301.05637 301.1157  301.12302]]

 [[  4.125     4.125     4.125   ...   4.125     4.125     4.125  ]
  [  4.125     4.125     4.125   ...   4.125     4.125     4.125  ]
  [  4.125     4.125     4.125   ...   4.125     4.125     4.125  ]
  ...
  [301.0562  301.00415 300.75546 ...   4.125     4.125     4.125  ]
  [301.11566 301.101   301.00415 ...   4.125     4.125     4.125  ]
  [301.12302 301.11566 301.0562  ...   4.125     4.125     4.125  ]]

 [[  4.125     4.125     4.125   ... 301.0562  301.11566 301.12302]
  [  4.125     4.125     4.125   ... 301.00415 301.101   301.11566]
  [  4.125     4.125     4.125   ... 300.75546 301.00415 301.0562 ]
  ...
  [  4.125     4.125     4.125   ...   4.125     4.125     4.125  ]
  [  4.125     4.125     4.125   ...   4.125     4.125     4.125  ]
  [  4.125     4.125     4.125   ...   4.125     4.125     4.125  ]]

 [[301.12302 301.1157  301.05637 ...   4.125     4.125     4.125  ]
  [301.1157  301.10123 301.0051  ...   4.125     4.125     4.125  ]
  [301.05637 301.0051  300.75882 ...   4.125     4.125     4.125  ]
  ...
  [  4.125     4.125     4.125   ...   4.125     4.125     4.125  ]
  [  4.125     4.125     4.125   ...   4.125     4.125     4.125  ]
  [  4.125     4.125     4.125   ...   4.125     4.125     4.125  ]]]

--- MAGNETIC FIELD ---
Cell-Centered B-field (B1, B2, B3):
[[[[0.35355338 0.35355338 0.35355338 ... 0.35355338 0.35355338
    0.35355338]
   [0.35355338 0.35355338 0.35355338 ... 0.35355338 0.35355338
    0.35355338]
   [0.35355338 0.35355338 0.35355338 ... 0.35355338 0.35355338
    0.35355338]
   ...
   [0.35355338 0.35355338 0.35355338 ... 0.3535075  0.35350755
    0.35350525]
   [0.35355338 0.35355338 0.35355338 ... 0.35354826 0.3535482
    0.35354754]
   [0.35355338 0.35355338 0.35355338 ... 0.35354888 0.3535519
    0.35355255]]

  [[0.35355338 0.35355338 0.35355338 ... 0.35355338 0.35355338
    0.35355338]
   [0.35355338 0.35355338 0.35355338 ... 0.35355338 0.35355338
    0.35355338]
   [0.35355338 0.35355338 0.35355338 ... 0.35355338 0.35355338
    0.35355338]
   ...
   [0.35349897 0.35345784 0.35326466 ... 0.35355338 0.35355338
    0.35355338]
   [0.35354704 0.3535413  0.35349828 ... 0.35355338 0.35355338
    0.35355338]
   [0.35355276 0.3535531  0.35354927 ... 0.35355338 0.35355338
    0.35355338]]

  [[0.35355338 0.35355338 0.35355338 ... 0.35354927 0.3535531
    0.35355276]
   [0.35355338 0.35355338 0.35355338 ... 0.35349828 0.3535413
    0.35354704]
   [0.35355338 0.35355338 0.35355338 ... 0.35326466 0.35345784
    0.35349897]
   ...
   [0.35355338 0.35355338 0.35355338 ... 0.35355338 0.35355338
    0.35355338]
   [0.35355338 0.35355338 0.35355338 ... 0.35355338 0.35355338
    0.35355338]
   [0.35355338 0.35355338 0.35355338 ... 0.35355338 0.35355338
    0.35355338]]

  [[0.35355255 0.3535519  0.35354888 ... 0.35355338 0.35355338
    0.35355338]
   [0.35354754 0.3535482  0.35354826 ... 0.35355338 0.35355338
    0.35355338]
   [0.35350525 0.35350755 0.3535075  ... 0.35355338 0.35355338
    0.35355338]
   ...
   [0.35355338 0.35355338 0.35355338 ... 0.35355338 0.35355338
    0.35355338]
   [0.35355338 0.35355338 0.35355338 ... 0.35355338 0.35355338
    0.35355338]
   [0.35355338 0.35355338 0.35355338 ... 0.35355338 0.35355338
    0.35355338]]]


 [[[0.35355338 0.35355338 0.35355338 ... 0.35355338 0.35355338
    0.35355338]
   [0.35355338 0.35355338 0.35355338 ... 0.35355338 0.35355338
    0.35355338]
   [0.35355338 0.35355338 0.35355338 ... 0.35355338 0.35355338
    0.35355338]
   ...
   [0.35355338 0.35355338 0.35355338 ... 0.3535075  0.35354826
    0.35354888]
   [0.35355338 0.35355338 0.35355338 ... 0.35350755 0.3535482
    0.3535519 ]
   [0.35355338 0.35355338 0.35355338 ... 0.35350525 0.35354754
    0.35355255]]

  [[0.35355338 0.35355338 0.35355338 ... 0.35355338 0.35355338
    0.35355338]
   [0.35355338 0.35355338 0.35355338 ... 0.35355338 0.35355338
    0.35355338]
   [0.35355338 0.35355338 0.35355338 ... 0.35355338 0.35355338
    0.35355338]
   ...
   [0.35354927 0.35349828 0.35326466 ... 0.35355338 0.35355338
    0.35355338]
   [0.3535531  0.3535413  0.35345784 ... 0.35355338 0.35355338
    0.35355338]
   [0.35355276 0.35354704 0.35349897 ... 0.35355338 0.35355338
    0.35355338]]

  [[0.35355338 0.35355338 0.35355338 ... 0.35349897 0.35354704
    0.35355276]
   [0.35355338 0.35355338 0.35355338 ... 0.35345784 0.3535413
    0.3535531 ]
   [0.35355338 0.35355338 0.35355338 ... 0.35326466 0.35349828
    0.35354927]
   ...
   [0.35355338 0.35355338 0.35355338 ... 0.35355338 0.35355338
    0.35355338]
   [0.35355338 0.35355338 0.35355338 ... 0.35355338 0.35355338
    0.35355338]
   [0.35355338 0.35355338 0.35355338 ... 0.35355338 0.35355338
    0.35355338]]

  [[0.35355255 0.35354754 0.35350525 ... 0.35355338 0.35355338
    0.35355338]
   [0.3535519  0.3535482  0.35350755 ... 0.35355338 0.35355338
    0.35355338]
   [0.35354888 0.35354826 0.3535075  ... 0.35355338 0.35355338
    0.35355338]
   ...
   [0.35355338 0.35355338 0.35355338 ... 0.35355338 0.35355338
    0.35355338]
   [0.35355338 0.35355338 0.35355338 ... 0.35355338 0.35355338
    0.35355338]
   [0.35355338 0.35355338 0.35355338 ... 0.35355338 0.35355338
    0.35355338]]]


 [[[0.         0.         0.         ... 0.         0.
    0.        ]
   [0.         0.         0.         ... 0.         0.
    0.        ]
   [0.         0.         0.         ... 0.         0.
    0.        ]
   ...
   [0.         0.         0.         ... 0.         0.
    0.        ]
   [0.         0.         0.         ... 0.         0.
    0.        ]
   [0.         0.         0.         ... 0.         0.
    0.        ]]

  [[0.         0.         0.         ... 0.         0.
    0.        ]
   [0.         0.         0.         ... 0.         0.
    0.        ]
   [0.         0.         0.         ... 0.         0.
    0.        ]
   ...
   [0.         0.         0.         ... 0.         0.
    0.        ]
   [0.         0.         0.         ... 0.         0.
    0.        ]
   [0.         0.         0.         ... 0.         0.
    0.        ]]

  [[0.         0.         0.         ... 0.         0.
    0.        ]
   [0.         0.         0.         ... 0.         0.
    0.        ]
   [0.         0.         0.         ... 0.         0.
    0.        ]
   ...
   [0.         0.         0.         ... 0.         0.
    0.        ]
   [0.         0.         0.         ... 0.         0.
    0.        ]
   [0.         0.         0.         ... 0.         0.
    0.        ]]

  [[0.         0.         0.         ... 0.         0.
    0.        ]
   [0.         0.         0.         ... 0.         0.
    0.        ]
   [0.         0.         0.         ... 0.         0.
    0.        ]
   ...
   [0.         0.         0.         ... 0.         0.
    0.        ]
   [0.         0.         0.         ... 0.         0.
    0.        ]
   [0.         0.         0.         ... 0.         0.
    0.        ]]]]

--- PRIMITIVE VARIABLES ---
Rest-mass Density (rho):
[[[1.         1.         1.         ... 1.         1.         1.        ]
  [1.         1.         1.         ... 1.         1.         1.        ]
  [1.         1.         1.         ... 1.         1.         1.        ]
  ...
  [1.         1.         1.         ... 0.9990868  0.999701   0.99982893]
  [1.         1.         1.         ... 0.999701   0.9999407  0.9999768 ]
  [1.         1.         1.         ... 0.99982893 0.9999768  0.99999505]]

 [[1.         1.         1.         ... 1.         1.         1.        ]
  [1.         1.         1.         ... 1.         1.         1.        ]
  [1.         1.         1.         ... 1.         1.         1.        ]
  ...
  [0.9998286  0.9996988  0.99907887 ... 1.         1.         1.        ]
  [0.99997675 0.9999402  0.9996988  ... 1.         1.         1.        ]
  [0.99999505 0.99997675 0.9998286  ... 1.         1.         1.        ]]

 [[1.         1.         1.         ... 0.9998286  0.99997675 0.99999505]
  [1.         1.         1.         ... 0.9996988  0.9999402  0.99997675]
  [1.         1.         1.         ... 0.99907887 0.9996988  0.9998286 ]
  ...
  [1.         1.         1.         ... 1.         1.         1.        ]
  [1.         1.         1.         ... 1.         1.         1.        ]
  [1.         1.         1.         ... 1.         1.         1.        ]]

 [[0.99999505 0.9999768  0.99982893 ... 1.         1.         1.        ]
  [0.9999768  0.9999407  0.999701   ... 1.         1.         1.        ]
  [0.99982893 0.999701   0.9990868  ... 1.         1.         1.        ]
  ...
  [1.         1.         1.         ... 1.         1.         1.        ]
  [1.         1.         1.         ... 1.         1.         1.        ]
  [1.         1.         1.         ... 1.         1.         1.        ]]]

Gas Pressure (P):
[[[ 1.        1.        1.       ...  1.        1.        1.      ]
  [ 1.        1.        1.       ...  1.        1.        1.      ]
  [ 1.        1.        1.       ...  1.        1.        1.      ]
  ...
  [ 1.        1.        1.       ... 99.87823  99.96013  99.97719 ]
  [ 1.        1.        1.       ... 99.96013  99.992096 99.99691 ]
  [ 1.        1.        1.       ... 99.97719  99.99691  99.99934 ]]

 [[ 1.        1.        1.       ...  1.        1.        1.      ]
  [ 1.        1.        1.       ...  1.        1.        1.      ]
  [ 1.        1.        1.       ...  1.        1.        1.      ]
  ...
  [99.977135 99.95983  99.87717  ...  1.        1.        1.      ]
  [99.9969   99.99203  99.95983  ...  1.        1.        1.      ]
  [99.99934  99.9969   99.977135 ...  1.        1.        1.      ]]

 [[ 1.        1.        1.       ... 99.977135 99.9969   99.99934 ]
  [ 1.        1.        1.       ... 99.95983  99.99203  99.9969  ]
  [ 1.        1.        1.       ... 99.87717  99.95983  99.977135]
  ...
  [ 1.        1.        1.       ...  1.        1.        1.      ]
  [ 1.        1.        1.       ...  1.        1.        1.      ]
  [ 1.        1.        1.       ...  1.        1.        1.      ]]

 [[99.99934  99.99691  99.97719  ...  1.        1.        1.      ]
  [99.99691  99.992096 99.96013  ...  1.        1.        1.      ]
  [99.97719  99.96013  99.87823  ...  1.        1.        1.      ]
  ...
  [ 1.        1.        1.       ...  1.        1.        1.      ]
  [ 1.        1.        1.       ...  1.        1.        1.      ]
  [ 1.        1.        1.       ...  1.        1.        1.      ]]]

Velocity (v1, v2, v3):
[[[ 0.0000000e+00  0.0000000e+00  0.0000000e+00 ...  0.0000000e+00
    0.0000000e+00  0.0000000e+00]
  [ 0.0000000e+00  0.0000000e+00  0.0000000e+00 ...  0.0000000e+00
    0.0000000e+00  0.0000000e+00]
  [ 0.0000000e+00  0.0000000e+00  0.0000000e+00 ...  0.0000000e+00
    0.0000000e+00  0.0000000e+00]
  ...
  [ 0.0000000e+00  0.0000000e+00  0.0000000e+00 ... -3.4308739e-04
   -7.1098744e-05 -5.5696873e-06]
  [ 0.0000000e+00  0.0000000e+00  0.0000000e+00 ... -1.3866575e-04
   -2.0694659e-05 -1.1928661e-06]
  [ 0.0000000e+00  0.0000000e+00  0.0000000e+00 ... -9.2004331e-05
   -1.1557766e-05 -5.8394340e-07]]

 [[ 0.0000000e+00  0.0000000e+00  0.0000000e+00 ...  0.0000000e+00
    0.0000000e+00  0.0000000e+00]
  [ 0.0000000e+00  0.0000000e+00  0.0000000e+00 ...  0.0000000e+00
    0.0000000e+00  0.0000000e+00]
  [ 0.0000000e+00  0.0000000e+00  0.0000000e+00 ...  0.0000000e+00
    0.0000000e+00  0.0000000e+00]
  ...
  [ 5.9511794e-06  7.2124458e-05  3.4653788e-04 ...  0.0000000e+00
    0.0000000e+00  0.0000000e+00]
  [ 1.2489105e-06  2.0910593e-05  1.3967975e-04 ...  0.0000000e+00
    0.0000000e+00  0.0000000e+00]
  [ 5.8947376e-07  1.1590201e-05  9.2206326e-05 ...  0.0000000e+00
    0.0000000e+00  0.0000000e+00]]

 [[ 0.0000000e+00  0.0000000e+00  0.0000000e+00 ... -9.2206326e-05
   -1.1590201e-05 -5.8947376e-07]
  [ 0.0000000e+00  0.0000000e+00  0.0000000e+00 ... -1.3967975e-04
   -2.0910593e-05 -1.2489105e-06]
  [ 0.0000000e+00  0.0000000e+00  0.0000000e+00 ... -3.4653788e-04
   -7.2124458e-05 -5.9511794e-06]
  ...
  [ 0.0000000e+00  0.0000000e+00  0.0000000e+00 ...  0.0000000e+00
    0.0000000e+00  0.0000000e+00]
  [ 0.0000000e+00  0.0000000e+00  0.0000000e+00 ...  0.0000000e+00
    0.0000000e+00  0.0000000e+00]
  [ 0.0000000e+00  0.0000000e+00  0.0000000e+00 ...  0.0000000e+00
    0.0000000e+00  0.0000000e+00]]

 [[ 5.8394340e-07  1.1557766e-05  9.2004331e-05 ...  0.0000000e+00
    0.0000000e+00  0.0000000e+00]
  [ 1.1928661e-06  2.0694659e-05  1.3866575e-04 ...  0.0000000e+00
    0.0000000e+00  0.0000000e+00]
  [ 5.5696873e-06  7.1098744e-05  3.4308739e-04 ...  0.0000000e+00
    0.0000000e+00  0.0000000e+00]
  ...
  [ 0.0000000e+00  0.0000000e+00  0.0000000e+00 ...  0.0000000e+00
    0.0000000e+00  0.0000000e+00]
  [ 0.0000000e+00  0.0000000e+00  0.0000000e+00 ...  0.0000000e+00
    0.0000000e+00  0.0000000e+00]
  [ 0.0000000e+00  0.0000000e+00  0.0000000e+00 ...  0.0000000e+00
    0.0000000e+00  0.0000000e+00]]]
[[[ 0.0000000e+00  0.0000000e+00  0.0000000e+00 ...  0.0000000e+00
    0.0000000e+00  0.0000000e+00]
  [ 0.0000000e+00  0.0000000e+00  0.0000000e+00 ...  0.0000000e+00
    0.0000000e+00  0.0000000e+00]
  [ 0.0000000e+00  0.0000000e+00  0.0000000e+00 ...  0.0000000e+00
    0.0000000e+00  0.0000000e+00]
  ...
  [ 0.0000000e+00  0.0000000e+00  0.0000000e+00 ... -3.4308739e-04
   -1.3866575e-04 -9.2004331e-05]
  [ 0.0000000e+00  0.0000000e+00  0.0000000e+00 ... -7.1098744e-05
   -2.0694659e-05 -1.1557766e-05]
  [ 0.0000000e+00  0.0000000e+00  0.0000000e+00 ... -5.5696873e-06
   -1.1928661e-06 -5.8394340e-07]]

 [[ 0.0000000e+00  0.0000000e+00  0.0000000e+00 ...  0.0000000e+00
    0.0000000e+00  0.0000000e+00]
  [ 0.0000000e+00  0.0000000e+00  0.0000000e+00 ...  0.0000000e+00
    0.0000000e+00  0.0000000e+00]
  [ 0.0000000e+00  0.0000000e+00  0.0000000e+00 ...  0.0000000e+00
    0.0000000e+00  0.0000000e+00]
  ...
  [-9.2206326e-05 -1.3967975e-04 -3.4653788e-04 ...  0.0000000e+00
    0.0000000e+00  0.0000000e+00]
  [-1.1590201e-05 -2.0910593e-05 -7.2124458e-05 ...  0.0000000e+00
    0.0000000e+00  0.0000000e+00]
  [-5.8947376e-07 -1.2489105e-06 -5.9511794e-06 ...  0.0000000e+00
    0.0000000e+00  0.0000000e+00]]

 [[ 0.0000000e+00  0.0000000e+00  0.0000000e+00 ...  5.9511794e-06
    1.2489105e-06  5.8947376e-07]
  [ 0.0000000e+00  0.0000000e+00  0.0000000e+00 ...  7.2124458e-05
    2.0910593e-05  1.1590201e-05]
  [ 0.0000000e+00  0.0000000e+00  0.0000000e+00 ...  3.4653788e-04
    1.3967975e-04  9.2206326e-05]
  ...
  [ 0.0000000e+00  0.0000000e+00  0.0000000e+00 ...  0.0000000e+00
    0.0000000e+00  0.0000000e+00]
  [ 0.0000000e+00  0.0000000e+00  0.0000000e+00 ...  0.0000000e+00
    0.0000000e+00  0.0000000e+00]
  [ 0.0000000e+00  0.0000000e+00  0.0000000e+00 ...  0.0000000e+00
    0.0000000e+00  0.0000000e+00]]

 [[ 5.8394340e-07  1.1928661e-06  5.5696873e-06 ...  0.0000000e+00
    0.0000000e+00  0.0000000e+00]
  [ 1.1557766e-05  2.0694659e-05  7.1098744e-05 ...  0.0000000e+00
    0.0000000e+00  0.0000000e+00]
  [ 9.2004331e-05  1.3866575e-04  3.4308739e-04 ...  0.0000000e+00
    0.0000000e+00  0.0000000e+00]
  ...
  [ 0.0000000e+00  0.0000000e+00  0.0000000e+00 ...  0.0000000e+00
    0.0000000e+00  0.0000000e+00]
  [ 0.0000000e+00  0.0000000e+00  0.0000000e+00 ...  0.0000000e+00
    0.0000000e+00  0.0000000e+00]
  [ 0.0000000e+00  0.0000000e+00  0.0000000e+00 ...  0.0000000e+00
    0.0000000e+00  0.0000000e+00]]]
